10,203
10,29
10,241
10,315
10,87
10,213
10,109
10,215
10,2
10,3
9,5
9,1
9,7
9,2
9,3
8,7
8,16
8,4
8,9
48,4
48,3
48,2
48,1
48,0
47,4
47,3
47,2
47,1
47,0
44,4
44,3
44,2
44,1
44,0
43,4
43,3
43,2
43,1
43,0
41,5
41,4
41,3
41,2
41,1
41,0
38,5
38,4
38,3
38,2
38,1
38,0
36,5
36,4
36,3
36,2
36,1
36,0
34,5
34,4
34,3
34,2
34,1
24,3
24,1
20,3
20,2
20,1
19,3
19,2
19,1
12,3
18,1
12,2
18,3
12,1
11,30
11,29
11,28
11,27
11,26
11,25
14,1
11,24
14,3
11,23
11,22
13,1
11,21
13,3
11,20
11,19
11,18
11,17
11,16
11,15
11,14
11,13
11,12
11,11
11,10
11,9
11,8
11,7
11,1
11,6
11,3
